1.9897550583e+01
1.8950603485e+01
1.9723484039e+01
1.8045631409e+01
1.6403514862e+01
1.5018286705e+01
1.3131101608e+01
1.3035127640e+01
1.3872165680e+01
1.2974368095e+01
1.1839345932e+01
1.1005521774e+01
1.0978413582e+01
1.1566831589e+01
1.2965846062e+01
1.4263031960e+01
1.4748865128e+01
1.5125595093e+01
1.6190244675e+01
1.5765991211e+01
1.6191495895e+01
1.5325452805e+01
1.4792398453e+01
1.3940515518e+01
1.3470973969e+01
1.3295715332e+01
1.2091421127e+01
1.1057203293e+01
9.7684211731e+00
8.5130186081e+00
8.0986156464e+00
7.2521748543e+00
6.7386336327e+00
7.0310940742e+00
6.6287331581e+00
5.8214364052e+00
6.1196227074e+00
6.1759610176e+00
8.3084821701e+00
9.5959014893e+00
1.0509477615e+01
1.0599655151e+01
1.1065381050e+01
1.1818758011e+01
1.2112187386e+01
1.2146574974e+01
1.1865607262e+01
1.0109737396e+01
8.5468120575e+00
8.3175430298e+00
7.7570433617e+00
6.0812296867e+00
5.4813871384e+00
5.5702176094e+00
4.9962368011e+00
4.4943304062e+00
4.3215708733e+00
3.9714710712e+00
4.6655411720e+00
5.8001923561e+00
6.5438990593e+00
8.6629600525e+00
1.0678298950e+01
1.2882429123e+01
1.4204816818e+01
1.4063692093e+01
1.5373685837e+01
1.4464894295e+01
1.4134376526e+01
1.3735280991e+01
1.3590377808e+01
1.2853871346e+01
1.2290063858e+01
1.1986394882e+01
1.1479644775e+01
1.1825915337e+01
1.1646008492e+01
1.1183088303e+01
1.2430282593e+01
1.3329040527e+01
1.3654942513e+01
1.2897260666e+01
1.2927976608e+01
1.2664100647e+01
1.3176782608e+01
1.3728679657e+01
1.5010751724e+01
1.5119388580e+01
1.6363433838e+01
1.8861480713e+01
2.0297348022e+01
2.0861263275e+01
2.0506923676e+01
1.8699954987e+01
1.7304206848e+01
1.6715335846e+01
1.6097440720e+01
1.6388828278e+01
1.6741947174e+01
1.6704893112e+01
1.6399490356e+01
1.7022569656e+01
1.6614761353e+01
1.6091981888e+01
1.5996156693e+01
1.6842525482e+01
1.7180328369e+01
1.6921327591e+01
1.6688526154e+01
1.7473068237e+01
1.8250738144e+01
1.9653301239e+01
2.1121881485e+01
2.1549278259e+01
2.2438747406e+01
2.2793104172e+01
2.2421012878e+01
2.0822830200e+01
2.0362768173e+01
1.9293430328e+01
2.0338829041e+01
2.0219650269e+01
2.0904422760e+01
2.0767154694e+01
1.9987268448e+01
1.8881132126e+01
1.8480922699e+01
1.8591846466e+01
1.8718235016e+01
1.7562931061e+01
1.7856641769e+01
1.6458515167e+01
1.6801662445e+01
1.9277153015e+01
2.1193239212e+01
2.2590518951e+01
2.2728237152e+01
2.3973781586e+01
2.3929971695e+01
2.4135021210e+01
2.3646337509e+01
2.2515981674e+01
2.0903070450e+01
1.9179439545e+01
1.8711231232e+01
1.7474720001e+01
1.6422365189e+01
1.5000795364e+01
1.4402805328e+01
1.3898576736e+01
1.2185777664e+01
1.1788461685e+01
1.0596879959e+01
1.0215959549e+01
9.9752492905e+00
9.5959386826e+00
9.6878013611e+00
1.1250547409e+01
1.2614725113e+01
1.4587121010e+01
1.6053236008e+01
1.7305683136e+01
1.7411029816e+01
1.9733541489e+01
2.0054166794e+01
2.0125015259e+01
1.9243965149e+01
1.7776561737e+01
1.6299997330e+01
1.5841444969e+01
1.6648988724e+01
1.4608678818e+01
1.2791776657e+01
1.2797938347e+01
1.2185529709e+01
1.0460682869e+01
9.4453067780e+00
8.2781019211e+00
7.8021774292e+00
7.0274996758e+00
7.6403212547e+00
7.9127268791e+00
9.2937135696e+00
1.0835733414e+01
1.0593739510e+01
1.1416582108e+01
1.2309208870e+01
1.2713795662e+01
1.2669822693e+01
1.2621578217e+01
1.1592824936e+01
1.0871835709e+01
9.5529241562e+00
9.9876365662e+00
7.8599786758e+00
6.9244961739e+00
6.1877641678e+00
5.4516601562e+00
5.7616419792e+00
5.6115412712e+00
4.5716185570e+00
4.6859173775e+00
4.6276941299e+00
4.9876914024e+00
4.4361281395e+00
6.0479426384e+00
1.0105781555e+01
1.4870458603e+01
1.5671438217e+01
1.5093744278e+01
1.4765821457e+01
1.4884164810e+01
1.4122444153e+01
1.3829244614e+01
1.3739837646e+01
1.3884940147e+01
1.3258987427e+01
1.2959273338e+01
1.4259747505e+01
1.4709913254e+01
1.5340030670e+01
1.4991950989e+01
1.4345220566e+01
1.3977518082e+01
1.4569406509e+01
1.4887052536e+01
1.4284465790e+01
1.5654962540e+01
1.6410806656e+01
1.6571851730e+01
1.6240600586e+01
1.6349212646e+01
1.6994462967e+01
1.9076717377e+01
1.9695575714e+01
2.0633792877e+01
2.0768161774e+01
2.0274238586e+01
1.8083307266e+01
1.6940277100e+01
1.6412784576e+01
1.6251705170e+01
1.5624078751e+01
1.4810630798e+01
1.5106464386e+01
1.4622345924e+01
1.4320574760e+01
1.4585880280e+01
1.3095159531e+01
1.1486270905e+01
1.1469319344e+01
1.0192754745e+01
1.0074007034e+01
1.0976834297e+01
1.1875561714e+01
1.2885032654e+01
1.3332780838e+01
1.3726181030e+01
1.3671842575e+01
1.3832295418e+01
1.3110255241e+01
1.2316936493e+01
1.1169283867e+01
1.0171622276e+01
9.2638835907e+00
8.6584739685e+00
8.3217067719e+00
7.1685781479e+00
7.0169739723e+00
5.8916459084e+00
5.8537726402e+00
4.6056847572e+00
4.5865044594e+00
3.8443007469e+00
3.9539928436e+00
3.5378932953e+00
3.5353722572e+00
4.0406765938e+00
4.9413127899e+00
5.9258770943e+00
7.4048004150e+00
8.4022092819e+00
9.5224246979e+00
9.7216329575e+00
9.8945503235e+00
9.6237773895e+00
8.9231548309e+00
7.2432651520e+00
6.2927927971e+00
6.1465125084e+00
6.8765397072e+00
5.8625521660e+00
5.0932497978e+00
4.6496219635e+00
3.8717608452e+00
3.3820433617e+00
2.3156251907e+00
2.2685151100e+00
1.7053482533e+00
2.2349221706e+00
3.2542145252e+00
3.8486130238e+00
7.0821347237e+00
8.3499555588e+00
9.3189277649e+00
9.8090000153e+00
9.8423242569e+00
9.1256818771e+00
8.8358478546e+00
7.8240303993e+00
7.0760593414e+00
6.6757473946e+00
6.6799764633e+00
6.4949216843e+00
6.1744956970e+00
6.4318027496e+00
6.5850157738e+00
6.6060047150e+00
6.6773247719e+00
6.0469093323e+00
6.5545582771e+00
5.9857382774e+00
5.6949295998e+00
5.8321208954e+00
5.8942885399e+00
6.2341489792e+00
7.4904103279e+00
8.6564388275e+00
9.8788223267e+00
1.1052719116e+01
1.2422399521e+01
1.3626588821e+01
1.4233256340e+01
1.4595597267e+01
1.5031238556e+01
1.2857223511e+01
1.2225362778e+01
1.2538357735e+01
1.1482221603e+01
1.1287360191e+01
1.0901012421e+01
1.0248700142e+01
9.2055349350e+00
8.8188819885e+00
7.7469797134e+00
7.3826651573e+00
7.5196452141e+00
7.1223649979e+00
6.9616570473e+00
7.8824415207e+00
9.7782258987e+00
1.1986783981e+01
1.3154908180e+01
1.4504880905e+01
1.5804304123e+01
1.7059822083e+01
1.7567394257e+01
1.7218536377e+01
1.6477138519e+01
1.4776916504e+01
1.3956830978e+01
1.3080165863e+01
1.2768124580e+01
1.2327516556e+01
1.1081214905e+01
1.0287601471e+01
9.4628601074e+00
8.6312065125e+00
8.2573308945e+00
6.8435459137e+00
7.4729194641e+00
8.2163438797e+00
7.7025647163e+00
8.4003086090e+00
1.0543220520e+01
1.2552927017e+01
1.3762151718e+01
1.5053910255e+01
1.6446058273e+01
1.6886257172e+01
1.7116704941e+01
1.6258766174e+01
1.4536903381e+01
1.4229772568e+01
1.3771255493e+01
1.3469837189e+01
1.2919956207e+01
1.1811077118e+01
1.1680576324e+01
1.1723237991e+01
9.9871826172e+00
8.5587959290e+00
8.6538877487e+00
8.9687309265e+00
9.2961578369e+00
8.9349899292e+00
1.0267368317e+01
1.1253581047e+01
1.1753590584e+01
1.5514448166e+01
1.8079387665e+01
1.8884246826e+01
1.9613733292e+01
1.9790594101e+01
1.9802791595e+01
1.9118652344e+01
1.7230344772e+01
1.6029279709e+01
1.5250587463e+01
1.5224409103e+01
1.5196540833e+01
1.4081775665e+01
1.3543807030e+01
1.2252848625e+01
1.1388358116e+01
1.0258572578e+01
9.2009220123e+00
8.4313545227e+00
8.2306518555e+00
8.8052196503e+00
9.3124475479e+00
9.3799228668e+00
1.0858637810e+01
1.2284084320e+01
1.2410959244e+01
1.3797817230e+01
1.4534373283e+01
1.4922616959e+01
1.5385564804e+01
1.4651380539e+01
1.3352954865e+01
1.1717962265e+01
1.2082592964e+01
1.1127435684e+01
1.1374949455e+01
1.2089329720e+01
1.1721612930e+01
1.1248237610e+01
1.1336460114e+01
1.1247731209e+01
1.1504427910e+01
1.0962175369e+01
1.0976703644e+01
1.0635459900e+01
1.1190927505e+01
1.1477653503e+01
1.2171316147e+01
1.2897683144e+01
1.4548302650e+01
1.5520260811e+01
1.5220792770e+01
1.4880479813e+01
1.4256038666e+01
1.3442059517e+01
1.3053840637e+01
1.2718110085e+01
1.2339855194e+01
1.2356834412e+01
1.2730607986e+01
1.2667110443e+01
1.2883836746e+01
1.2746886253e+01
1.2173892975e+01
1.2096828461e+01
1.1220029831e+01
9.4732112885e+00
9.1634292603e+00
8.6756229401e+00
9.3074445724e+00
9.7337074280e+00
8.7373123169e+00
9.2953901291e+00
9.8567199707e+00
1.0374065399e+01
1.0192728043e+01
1.0429305077e+01
1.0875359535e+01
1.0188001633e+01
1.0260786057e+01
9.5272254944e+00
9.2764167786e+00
8.0021638870e+00
6.6615471840e+00
5.7002682686e+00
4.9909715652e+00
4.4539484978e+00
4.3048653603e+00
4.2349166870e+00
4.6372051239e+00
4.7991404533e+00
5.0402102470e+00
4.9534926414e+00
5.0706367493e+00
5.2727274895e+00
5.2474050522e+00
5.8275160789e+00
5.9235444069e+00
5.8022313118e+00
5.7654786110e+00
5.5343623161e+00
5.5590829849e+00
5.1930899620e+00
4.6769895554e+00
4.4492068291e+00
3.8870577812e+00
4.0183844566e+00
4.1615290642e+00
4.1671581268e+00
4.2573733330e+00
4.4848718643e+00
3.7154643536e+00
4.1418361664e+00
4.7269859314e+00
5.2006077766e+00
5.4326148033e+00
5.6672139168e+00
5.6651062965e+00
5.6595568657e+00
6.7765240669e+00
8.5658359528e+00
8.3762035370e+00
9.5799503326e+00
9.5662956238e+00
9.9476032257e+00
9.5679721832e+00
9.4522523880e+00
9.4556922913e+00
7.9060697556e+00
8.0359020233e+00
8.6395902634e+00
9.0195617676e+00
8.8985328674e+00
8.8225193024e+00
9.1753358841e+00
8.9380245209e+00
8.7414360046e+00
8.5624599457e+00
8.4281129837e+00
8.5012054443e+00
8.1581420898e+00
8.1295986176e+00
8.3771009445e+00
8.5162820816e+00
1.1155364037e+01
1.1629478455e+01
1.2678022385e+01
1.3536470413e+01
1.3771132469e+01
1.3623825073e+01
1.2119565010e+01
1.1111057281e+01
1.0979558945e+01
1.0338989258e+01
9.8431797028e+00
9.6445369720e+00
9.0892181396e+00
8.6013278961e+00
8.6930017471e+00
8.1875839233e+00
8.1112031937e+00
7.2982015610e+00
6.8830351830e+00
6.5875134468e+00
6.3505716324e+00
6.5224633217e+00
6.7646842003e+00
7.9010272026e+00
9.0778284073e+00
9.8680171967e+00
1.0927864075e+01
1.1805202484e+01
1.1916381836e+01
1.1870349884e+01
1.1812417984e+01
1.0922664642e+01
9.3493289948e+00
9.4000911713e+00
9.3429698944e+00
1.0155626297e+01
1.0384922028e+01
1.1233781815e+01
1.0534532547e+01
1.0997129440e+01
1.0834038734e+01
1.0948522568e+01
1.1339282036e+01
1.1019383430e+01
1.3062132835e+01
1.3935670853e+01
1.4640687943e+01
1.4143295288e+01
1.3631335258e+01
1.2823796272e+01
1.2308216095e+01
1.2569545746e+01
1.3361352921e+01
1.5443774223e+01
1.5368188858e+01
1.5686856270e+01
1.4185770988e+01
1.2773529053e+01
1.2152860641e+01
1.0391636848e+01
9.9665222168e+00
9.6188373566e+00
7.3057732582e+00
7.3521838188e+00
7.9874410629e+00
7.3915462494e+00
6.6960630417e+00
6.4798502922e+00
6.1348443031e+00
6.1619515419e+00
6.2504644394e+00
7.5056624413e+00
9.4031925201e+00
9.4178714752e+00
1.1159735680e+01
1.1332473755e+01
1.1436230659e+01
1.0715728760e+01
1.0394357681e+01
9.5981044769e+00
8.9235172272e+00
8.8390417099e+00
9.2642135620e+00
9.1221704483e+00
8.7053174973e+00
8.3318510056e+00
8.2424335480e+00
7.9711728096e+00
7.9874629974e+00
7.7949051857e+00
7.8728728294e+00
7.8978834152e+00
7.8298783302e+00
7.6042981148e+00
7.7233343124e+00
7.4605827332e+00
1.0510174751e+01
1.0691969872e+01
1.1907773972e+01
1.2851154327e+01
1.2678216934e+01
1.1650985718e+01
1.0997024536e+01
9.8192291260e+00
7.0618371964e+00
5.8833508492e+00
6.5468387604e+00
6.8205728531e+00
6.2801489830e+00
6.2125630379e+00
6.3784909248e+00
5.8951716423e+00
5.6978650093e+00
5.3532218933e+00
5.2577748299e+00
5.1624922752e+00
5.1369032860e+00
5.1677298546e+00
5.8811063766e+00
6.6023364067e+00
7.5618348122e+00
8.8117628098e+00
8.5702428818e+00
9.1758794785e+00
9.4334163666e+00
8.8802261353e+00
7.9703106880e+00
7.4886002541e+00
6.1104736328e+00
5.5253481865e+00
5.1313624382e+00
4.1705536842e+00
2.9887416363e+00
2.4620528221e+00
2.5575513840e+00
2.3426442146e+00
1.9401571751e+00
1.2829198837e+00
8.6909633875e-01
5.7779484987e-01
4.3632489443e-01
7.8827649355e-01
8.7597948313e-01
1.2647042274e+00
2.0575058460e+00
3.2227613926e+00
4.0827307701e+00
4.5256500244e+00
4.7595381737e+00
4.4847807884e+00
4.6349115372e+00
3.6046206951e+00
2.8302371502e+00
2.7621142864e+00
2.0409133434e+00
1.6239459515e+00
9.1615873575e-01
3.9446455240e-01
1.3410359621e-01
-9.9701821804e-02
-7.4817126989e-01
-7.0185226202e-01
-1.2158427238e+00
-1.5696029663e+00
-1.4195122719e+00
-1.1948409081e+00
-8.2757323980e-01
1.8663531542e-01
7.8021365404e-01
1.5331869125e+00
2.1712360382e+00
2.4006462097e+00
3.0624287128e+00
3.2639772892e+00
3.5146508217e+00
3.6548998356e+00
2.4233975410e+00
2.2626442909e+00
1.8894057274e+00
1.7758383751e+00
1.5292098522e+00
1.1215028763e+00
1.0840182304e+00
3.3947950602e-01
2.2470933199e-01
2.9422289133e-01
-1.0134023428e-01
-5.2861565351e-01
-4.0705078840e-01
8.3764612675e-02
2.8302770853e-01
1.1377067566e+00
2.4072558880e+00
3.3912053108e+00
4.0110659599e+00
4.9216547012e+00
5.2521920204e+00
5.0022225380e+00
4.8697218895e+00
4.0781540871e+00
3.2594604492e+00
2.9334812164e+00
2.5470769405e+00
2.4898068905e+00
1.8831288815e+00
1.2011320591e+00
1.2789335251e+00
1.2602536678e+00
9.5988446474e-01
1.0550463200e+00
9.8853451014e-01
1.3414797783e+00
1.9550108910e+00
1.9388871193e+00
2.4866571426e+00
3.3983390331e+00
3.9569325447e+00
5.0895452499e+00
5.6682133675e+00
5.5314869881e+00
5.7754502296e+00
6.3189330101e+00
6.0805191994e+00
5.4497222900e+00
4.6597151756e+00
4.5122060776e+00
4.0229926109e+00
3.0521519184e+00
1.6490893364e+00
8.9981848001e-01
7.5659257174e-01
7.1926385164e-01
5.1037412882e-01
7.4106913805e-01
-7.9117435217e-01
-2.5650399923e-01
1.5408426523e-01
2.3200422525e-01
2.9775601625e-01
1.8345475197e+00
3.5636048317e+00
4.1322712898e+00
5.2044048309e+00
5.1238455772e+00
4.4556298256e+00
4.5607962608e+00
4.5980420113e+00
4.9485516548e+00
4.7841334343e+00
5.2456374168e+00
5.8492565155e+00
6.0695643425e+00
5.2329182625e+00
5.3790860176e+00
5.3566980362e+00
4.3311357498e+00
1.8221490383e+00
9.8802453279e-01
2.4917783737e+00
3.5108735561e+00
4.2047090530e+00
5.3873085976e+00
4.6519188881e+00
4.7479872704e+00
5.3240923882e+00
5.4226078987e+00
4.5599684715e+00
5.5843930244e+00
4.8172593117e+00
5.0308537483e+00
3.6796569824e+00
3.5368041992e+00
2.8524980545e+00
2.5193648338e+00
3.0362305641e+00
2.3233008385e+00
1.8469576836e+00
1.1617150307e+00
5.6647020578e-01
5.0194841623e-01
8.1713253260e-01
1.1769933701e+00
1.2179689407e+00
8.5177665949e-01
5.9068304300e-01
3.9631468058e-01
5.8606249094e-01
8.3967763186e-01
1.2041754723e+00
1.8802580833e+00
2.1459667683e+00
2.7556142807e+00
2.5487618446e+00
2.2398192883e+00
1.5407772064e+00
9.6478420496e-01
6.0845381021e-01
-8.7975859642e-03
1.7701154947e-01
4.3260484934e-01
5.7248240709e-01
9.7943621874e-01
9.2638570070e-01
9.8507004976e-01
1.0324425697e+00
9.6976810694e-01
6.0966092348e-01
4.8391705751e-01
6.3807684183e-01
1.0299613476e+00
1.5465848446e+00
2.1616106033e+00
2.6688685417e+00
3.8758630753e+00
5.2249531746e+00
5.5497698784e+00
6.1180863380e+00
6.0692405701e+00
5.8252158165e+00
4.7047214508e+00
3.8083105087e+00
3.8970184326e+00
4.0531787872e+00
3.4935426712e+00
3.3465766907e+00
3.4191412926e+00
3.4856781960e+00
3.9196867943e+00
4.1425485611e+00
4.3828787804e+00
4.6006064415e+00
5.0766830444e+00
5.1640906334e+00
5.3601813316e+00
6.0380373001e+00
6.5177893639e+00
7.3915247917e+00
8.1810474396e+00
9.0618934631e+00
1.0421665192e+01
1.2306345940e+01
1.2533542633e+01
1.2052883148e+01
1.1724730492e+01
1.0620542526e+01
1.0357847214e+01
1.1219066620e+01
8.3726348877e+00
6.6676774025e+00
6.8121981621e+00
5.1045165062e+00
3.5335440636e+00
4.3934307098e+00
3.5548911095e+00
3.1728138924e+00
2.5359051228e+00
1.9470868111e+00
3.3424220085e+00
4.0962619781e+00
4.7347598076e+00
9.7243337631e+00
1.2023222923e+01
1.1839384079e+01
1.1663974762e+01
1.0785431862e+01
1.0560304642e+01
1.0459650040e+01
1.0766344070e+01
1.0892597198e+01
1.0248361588e+01
1.0805384636e+01
1.0855906487e+01
1.0376029015e+01
1.0596295357e+01
1.0933507919e+01
9.6764011383e+00
8.9105901718e+00
8.5488138199e+00
9.1195325851e+00
9.1338882446e+00
8.9075641632e+00
8.4596290588e+00
8.8857192993e+00
8.9366111755e+00
9.0004281998e+00
9.3484477997e+00
9.8450126648e+00
1.0124615669e+01
1.0489652634e+01
1.0472832680e+01
1.0151663780e+01
9.9523048401e+00
9.9591350555e+00
1.0387571335e+01
1.0486258507e+01
1.1237317085e+01
1.1228940010e+01
1.1687849998e+01
1.2457335472e+01
1.3045461655e+01
1.3111832619e+01
1.2542919159e+01
1.1428797722e+01
1.2357061386e+01
1.2520326614e+01
1.3021539688e+01
1.4013342857e+01
1.5646543503e+01
1.5357139587e+01
1.4927167892e+01
1.4996204376e+01
1.5254235268e+01
1.3523618698e+01
1.3749694824e+01
1.3733205795e+01
1.3990680695e+01
1.3445835114e+01
1.3624744415e+01
1.2598620415e+01
1.2067276955e+01
1.0123020172e+01
6.8877863884e+00
5.0265955925e+00
4.9768671989e+00
4.9143614769e+00
4.2622790337e+00
3.4581172466e+00
2.3344841003e+00
1.9392604828e+00
2.4616522789e+00
2.4975924492e+00
3.3844923973e+00
4.7365150452e+00
6.1553368568e+00
6.4621286392e+00
6.1091208458e+00
6.2321991920e+00
5.2937169075e+00
4.5612063408e+00
3.4868192673e+00
2.5447432995e+00
2.7432758808e+00
2.6015889645e+00
1.9314968586e+00
8.4166580439e-01
5.2958726883e-04
-2.4514740705e-01
-7.3989957571e-01
-1.1259469986e+00
-1.7551653385e+00
-2.0382623672e+00
-2.1846790314e+00
-1.6582710743e+00
-1.2665247917e+00
-1.0900394917e+00
-5.0942128897e-01
8.2098823786e-01
6.5228468180e-01
9.9604612589e-01
1.4298191071e+00
1.7894382477e+00
1.7539527416e+00
1.5500702858e+00
8.8431149721e-01
-1.4559239149e-01
-6.3458317518e-01
-8.2057684660e-01
-4.1818040609e-01
-1.0850055218e+00
-1.3710408211e+00
-1.8203969002e+00
-2.2403998375e+00
-2.7939946651e+00
-3.2057781219e+00
-3.1091320515e+00
-3.0757582188e+00
-2.8118405342e+00
-2.1648058891e+00
-1.9055831432e+00
-7.5624173880e-01
1.3873925209e+00
